
          11280715322D 1   1.00000     0.00000     0

 22 24  0     1  0            999 V2000
    8.1750   -7.9417    0.0000 N   0  0  0  0  0  0           0  0  0
    4.4792   -8.7167    0.0000 C   0  0  0  0  0  0           0  0  0
    7.7750   -8.6667    0.0000 C   0  0  0  0  0  0           0  0  0
    5.3042   -8.7042    0.0000 N   0  0  3  0  0  0           0  0  0
    6.9500   -8.6792    0.0000 N   0  0  3  0  0  0           0  0  0
    8.9917   -7.9292    0.0000 C   0  0  0  0  0  0           0  0  0
    4.0792   -9.4417    0.0000 N   0  0  0  0  0  0           0  0  0
    4.0542   -8.0125    0.0000 N   0  0  0  0  0  0           0  0  0
    9.4250   -8.6375    0.0000 N   0  0  0  0  0  0           0  0  0
    8.2000   -9.3750    0.0000 C   0  0  0  0  0  0           0  0  0
    5.7167   -9.4125    0.0000 C   0  0  0  0  0  0           0  0  0
    5.7000   -7.9875    0.0000 C   0  0  0  0  0  0           0  0  0
    6.5417   -9.4000    0.0000 C   0  0  0  0  0  0           0  0  0
    6.5250   -7.9750    0.0000 C   0  0  0  0  0  0           0  0  0
    3.2542   -9.4542    0.0000 C   0  0  0  0  0  0           0  0  0
    9.3917   -7.2042    0.0000 C   0  0  2  0  0  0           0  0  0
    9.0250   -9.3625    0.0000 C   0  0  0  0  0  0           0  0  0
    3.2292   -8.0250    0.0000 C   0  0  0  0  0  0           0  0  0
    2.8292   -8.7417    0.0000 C   0  0  0  0  0  0           0  0  0
    8.9667   -6.5000    0.0000 O   0  0  0  0  0  0           0  0  0
   10.2167   -7.1917    0.0000 C   0  0  0  0  0  0           0  0  0
    2.8625  -10.1792    0.0000 C   0  0  0  0  0  0           0  0  0
  2  4  1  0     0  0
  3  1  1  0     0  0
  4 12  1  0     0  0
  5  3  1  0     0  0
  6  1  2  0     0  0
  7  2  1  0     0  0
  8  2  2  0     0  0
  9  6  1  0     0  0
 10  3  2  0     0  0
 11 13  1  0     0  0
 12 14  1  0     0  0
 13  5  1  0     0  0
 14  5  1  0     0  0
 15  7  2  0     0  0
 16  6  1  0     0  0
 17  9  2  0     0  0
 18  8  1  0     0  0
 19 18  2  0     0  0
 20 16  1  0     0  0
 16 21  1  6     0  0
 22 15  1  0     0  0
 10 17  1  0     0  0
  4 11  1  0     0  0
 15 19  1  0     0  0
M  END